-0.0132741 -0.0693999 -2.67356
-0.0122837 -0.0683239 -2.67513
-0.0113221 -0.0701153 -2.67541
-0.00929081 -0.0710611 -2.67677
-0.0076931 -0.0702548 -2.67796
-0.0073164 -0.0704463 -2.67876
-0.00616992 -0.0710615 -2.6806
-0.00409879 -0.0704041 -2.68112
-0.00274454 -0.0703861 -2.68138
-0.00151166 -0.0697184 -2.68202
-0.00141849 -0.0686283 -2.68276
-0.00248189 -0.0678793 -2.68544
-0.00135695 -0.0667705 -2.68722
-0.000956031 -0.065993 -2.68763
0.00138067 -0.0656235 -2.68802
0.00205496 -0.0645734 -2.6883
0.00210574 -0.0631726 -2.68871
0.00202118 -0.0630135 -2.68961
0.00241828 -0.0621733 -2.69078
0.00259583 -0.0629521 -2.69118
0.00257429 -0.063527 -2.69126
0.0027079 -0.064337 -2.6924
0.00350973 -0.0659256 -2.69367
0.00462788 -0.0657381 -2.69431
0.0056501 -0.0656276 -2.6959
0.00600423 -0.0657329 -2.69739
0.0142336 -0.0634827 -2.70338
0.0140945 -0.0649183 -2.70419
0.012925 -0.0659496 -2.70458
0.0119267 -0.0661323 -2.70538
0.0112059 -0.0658989 -2.70584
0.0116966 -0.0644519 -2.70638
0.0131207 -0.0626898 -2.70704
0.014359 -0.0609366 -2.708
0.01597 -0.0577297 -2.70974
0.0161428 -0.0565565 -2.71008
0.0170769 -0.0556321 -2.7103
0.0174702 -0.0563441 -2.71017
0.0162551 -0.0586543 -2.71036
0.0151784 -0.0592341 -2.71057
0.0138753 -0.0587063 -2.71044
0.0144739 -0.0581083 -2.71004
0.0165866 -0.0597707 -2.71133
0.0181383 -0.0616254 -2.71285
0.018976 -0.0657863 -2.71451
0.0189804 -0.0702698 -2.7157
0.0186625 -0.074649 -2.71609
0.017228 -0.0775175 -2.71652
0.0117181 -0.0815767 -2.71867
0.0109814 -0.0811913 -2.72007
0.0142253 -0.0804585 -2.72129
0.0183306 -0.079044 -2.72126
0.0219216 -0.0785934 -2.72124
0.015061 -0.0876154 -2.72718
0.0103782 -0.0878239 -2.72916
0.00113454 -0.0817547 -2.73755
-0.00477037 -0.0756986 -2.74118
-0.0109223 -0.0713743 -2.74535
-0.0181622 -0.0722436 -2.7567
-0.019222 -0.0721311 -2.76092
-0.0180164 -0.0715574 -2.76418
-0.012692 -0.0859992 -2.77408
-0.00603503 -0.103653 -2.78273
-0.00220254 -0.110513 -2.78557
-0.00271802 -0.120181 -2.7924
-0.00389004 -0.120147 -2.79643
-0.00491093 -0.116463 -2.79747
-0.00572311 -0.114498 -2.79563
-0.00628326 -0.108683 -2.79088
-0.00259927 -0.106453 -2.78906
0.00285562 -0.107481 -2.78768
0.00819579 -0.101218 -2.78365
0.0142437 -0.0937924 -2.77933
0.023898 -0.0867882 -2.77321
0.035679 -0.0827672 -2.76694
0.0407765 -0.0821312 -2.7644
0.0591255 -0.0810457 -2.75531
0.0664169 -0.0821338 -2.75273
0.0786975 -0.0847585 -2.74816
0.0836664 -0.085409 -2.74715
0.175433 -0.0971865 -2.71394
0.219355 -0.110708 -2.6846
0.225398 -0.120745 -2.67728
0.225998 -0.137665 -2.6735
0.225431 -0.154626 -2.67269
0.223538 -0.168154 -2.67015
0.212453 -0.181385 -2.6688
0.203835 -0.187603 -2.66983
0.184207 -0.194649 -2.67415
0.166903 -0.197187 -2.6782
0.133277 -0.201049 -2.68742
0.119279 -0.20833 -2.69167
0.0923595 -0.222139 -2.70054
0.0815939 -0.228149 -2.70423
0.0704916 -0.236347 -2.70733
0.0568976 -0.241222 -2.71065
0.0536025 -0.243122 -2.71101
0.0459278 -0.245648 -2.71191
0.0442067 -0.244637 -2.71131
0.0419477 -0.234182 -2.71123
0.041284 -0.229863 -2.7115
0.0411585 -0.219266 -2.71165
0.0415395 -0.209799 -2.71216
0.0419387 -0.199323 -2.71254
0.042139 -0.195172 -2.7127
0.038153 -0.179256 -2.71234
0.0349823 -0.166487 -2.71363
0.0454832 -0.0829436 -2.71978
0.0527299 -0.0234443 -2.71968
0.0503305 -0.0137639 -2.72019
0.0486552 -0.00715818 -2.72171
0.0462975 0.00621103 -2.7245
0.0436807 0.0130834 -2.72597
0.0350457 0.0218293 -2.73099
0.0295685 0.0240053 -2.73386
0.0226651 0.0185868 -2.73912
0.0182198 0.0143812 -2.74335
0.0154625 0.0110448 -2.74601
0.0141783 0.00626219 -2.75444
0.0129592 0.00430077 -2.7611
0.00912514 -0.00170721 -2.77969
0.0107698 -0.00452223 -2.79107
0.0123453 -0.0045064 -2.8025
0.0164303 0.000692616 -2.81624
0.0200168 0.0105013 -2.83475
0.0221481 0.0125278 -2.87516
0.023713 0.0120961 -2.89392
0.0243801 0.0110623 -2.93243
0.0229482 0.0111235 -2.95117
0.0196155 0.00816499 -2.97208
0.0151857 0.00443755 -2.99414
0.0110373 -0.00481798 -3.0157
0.00454602 -0.00867201 -3.0518
0.00432695 -0.0115166 -3.07097
0.0300472 -0.113232 3.08637
0.116656 -0.193419 -3.13129
0.120654 -0.205162 -3.12211
0.121861 -0.212174 -3.11279
0.120398 -0.205848 -3.10063
0.122317 -0.188921 -3.09047
0.125036 -0.165367 -3.07954
0.128317 -0.140262 -3.06913
0.131441 -0.118812 -3.06183
0.134504 -0.110244 -3.05709
0.136626 -0.0870358 -3.04179
0.135209 -0.0823086 -3.03967
0.127794 -0.0621069 -3.03386
0.125884 -0.0559329 -3.03208
0.123112 -0.0431857 -3.02915
0.124203 -0.0324594 -3.02673
0.12544 -0.0225415 -3.02126
0.122604 -0.0259429 -3.02212
0.114711 -0.0393395 -3.02861
0.106487 -0.0583972 -3.03671
0.0968517 -0.0867641 -3.04748
0.0845745 -0.119065 -3.05664
0.0805987 -0.135633 -3.06118
0.0706719 -0.180517 -3.07206
0.0700554 -0.193909 -3.07332
0.0706457 -0.212236 -3.07456
0.0695104 -0.224913 -3.07531
0.0399615 -0.232331 -3.05124
0.0121067 -0.144005 -3.04924
0.0119918 -0.133216 -3.04622
0.012527 -0.116866 -3.043
0.0151369 -0.10387 -3.04171
0.0174808 -0.0870174 -3.03995
0.0223539 -0.0686702 -3.03641
0.027889 -0.0522226 -3.03281
0.0321684 -0.0329654 -3.02845
0.0359126 -0.0255035 -3.02533
0.0542511 -0.00442367 -3.01467
0.0613067 -0.00261587 -3.00802
0.0816555 0.00106243 -2.98164
0.0858009 0.00177339 -2.97627
0.0939144 -0.0165438 -2.97257
0.0920056 -0.0356281 -2.97618
0.0901986 -0.0553625 -2.97932
0.0901807 -0.0768072 -2.9823
0.0920202 -0.0951806 -2.98482
0.0972708 -0.129174 -2.99109
0.0960669 -0.150451 -2.9955
0.09212 -0.159997 -2.99849
0.0753305 -0.183303 -3.01093
0.0696066 -0.191689 -3.01457
0.0585145 -0.224772 -3.02102
0.0571879 -0.234277 -3.02166
0.0572273 -0.267819 -3.02205
0.155987 -0.28927 -2.98275
0.153954 -0.104889 -2.94382
0.141571 -0.0815006 -2.94336
0.124818 -0.0574885 -2.94617
0.108142 -0.034541 -2.95058
0.0980214 -0.0192324 -2.95312
0.09148 -0.0042971 -2.95474
0.0833228 0.0125058 -2.9572
0.0830118 0.0170827 -2.95741
0.0856571 0.0175574 -2.95608
0.0946117 0.00675536 -2.95506
0.101008 -0.00884884 -2.95765
0.106894 -0.026486 -2.96314
0.110377 -0.0470054 -2.97101
0.106464 -0.0868669 -2.9907
0.104038 -0.102336 -3.0004
0.10237 -0.117033 -3.00857
0.101166 -0.13904 -3.01997
0.101008 -0.147634 -3.02279
0.101883 -0.153863 -3.02532
0.102882 -0.16072 -3.02829
0.104128 -0.171486 -3.0335
0.105377 -0.174204 -3.03375
0.108833 -0.184013 -3.03447
0.11154 -0.190419 -3.03474
0.11545 -0.191035 -3.03538
0.117166 -0.187002 -3.03355
0.11266 -0.128825 -3.00838
0.0624104 -0.0716843 -3.11154
0.0821448 -0.070531 -3.11275
0.0896252 -0.0655071 -3.1107
0.0995643 -0.0573093 -3.10464
0.102916 -0.0539024 -3.10023
0.107772 -0.0490916 -3.09201
0.123293 -0.0382223 -3.0766
0.123293 -0.0382223 -3.0766
0.138094 -0.0369757 -3.0653
0.145258 -0.0394819 -3.05939
0.15023 -0.0409537 -3.05384
0.158434 -0.0409351 -3.04612
0.16069 -0.040953 -3.04246
0.160865 -0.0400667 -3.03854
0.159736 -0.0376496 -3.03454
0.157456 -0.029311 -3.02547
0.155054 -0.0223831 -3.02009
0.152309 -0.017512 -3.01373
0.150393 -0.0102306 -3.00211
0.150724 -0.00621709 -2.99501
0.153313 0.00118629 -2.97165
0.155669 0.00599031 -2.95688
0.154811 0.010006 -2.94298
0.150049 0.0134829 -2.9285
0.13643 0.00783451 -2.89946
0.132206 0.00648514 -2.88916
0.124751 0.0135883 -2.71022
0.0501606 -0.0249329 -2.55399
0.0491073 -0.0291567 -2.53916
0.047952 -0.0305211 -2.51775
0.0461301 -0.0386154 -2.50539
0.0485152 -0.0475628 -2.50233
0.0505505 -0.0547893 -2.49058
0.0581839 -0.0661638 -2.48655
0.0616404 -0.0701385 -2.47722
0.0624961 -0.0698123 -2.46372
0.0521451 -0.0791011 -2.44487
0.0451096 -0.0791483 -2.4353
0.0365804 -0.0757369 -2.42468
0.0280703 -0.0730838 -2.41533
0.0173326 -0.0725381 -2.40209
0.0137163 -0.0738112 -2.39149
0.0113318 -0.0796988 -2.38319
0.0119277 -0.100411 -2.36848
0.0155922 -0.11298 -2.36134
0.0213037 -0.126016 -2.35991
0.0237523 -0.138118 -2.35364
0.0124366 -0.160652 -2.33733
-0.00197284 -0.163706 -2.32982
-0.0138551 -0.165692 -2.32432
-0.0362156 -0.158741 -2.31083
-0.0476355 -0.158584 -2.30811
-0.0517036 -0.15683 -2.30589
-0.0275441 -0.153925 -2.30521
0.0387778 0.00358984 -2.49355
0.0461674 -0.000167504 -2.49651
0.0547871 -0.00206186 -2.49882
0.067252 0.0114069 -2.50432
0.0704712 0.0208057 -2.51156
0.0706419 0.0297067 -2.51593
0.0692418 0.0543034 -2.52394
0.0695544 0.064205 -2.52856
0.0706296 0.069228 -2.52996
0.0708159 0.0738608 -2.53413
0.0701204 0.0735952 -2.53885
0.0687274 0.0713284 -2.54178
0.0665856 0.0653052 -2.54592
0.056986 0.0569875 -2.55623
0.0516714 0.0596387 -2.56122
0.0455435 0.0648098 -2.56669
0.0373942 0.0807462 -2.57672
0.0374405 0.0937936 -2.57754
0.0421056 0.108231 -2.57652
0.0554841 0.131474 -2.57432
0.0664439 0.139429 -2.56979
0.0716343 0.140007 -2.56792
0.0810378 0.133571 -2.56356
0.0834428 0.127874 -2.56039
0.0860497 0.120825 -2.5587
0.0915501 0.0985058 -2.55648
0.088951 -0.0255531 -2.56471
0.046133 -0.182721 -2.59272
0.0392316 -0.182293 -2.59537
0.0254652 -0.180853 -2.60046
0.0229636 -0.182172 -2.6015
0.0194652 -0.188903 -2.60227
0.018542 -0.192758 -2.60275
0.0169421 -0.200641 -2.60372
0.0160362 -0.202306 -2.60416
0.0136404 -0.203027 -2.60584
0.012614 -0.199475 -2.60653
0.0131311 -0.195985 -2.60773
0.0142029 -0.191179 -2.60843
0.0153879 -0.183328 -2.60899
0.0178056 -0.174323 -2.60889
0.0216313 -0.168803 -2.60862
0.0246263 -0.166961 -2.60678
0.0365179 -0.155779 -2.60176
0.0391609 -0.153877 -2.6018
0.0434286 -0.152229 -2.60306
0.0467838 -0.148399 -2.60533
0.0477589 -0.148178 -2.60568
0.0506113 -0.149218 -2.60479
0.0553644 -0.148091 -2.60478
0.0587525 -0.148345 -2.60574
0.0604324 -0.14614 -2.60655
0.0587265 -0.140976 -2.60934
0.0623898 -0.140596 -2.6149
0.0425472 -0.100889 -2.63026
0.0345182 -0.0876417 -2.63994
0.0261555 -0.0727663 -2.64977
0.0215136 -0.0643875 -2.65876
0.019306 -0.0524036 -2.66778
0.0163469 -0.0381504 -2.67844
0.0150805 -0.0336783 -2.6833
0.0125777 -0.0148656 -2.69766
0.0128325 -0.00595965 -2.70164
0.0173687 0.00890856 -2.71051
0.0204378 0.0137127 -2.71416
0.0247825 0.0274706 -2.72729
0.024176 0.0307572 -2.74054
0.022097 0.0316532 -2.75586
0.019652 0.0265943 -2.76563
0.0187572 0.0157207 -2.77377
0.0175108 0.000219787 -2.78433
0.0143593 -0.0132269 -2.79468
0.00640196 -0.0231406 -2.80889
0.000106834 -0.0342743 -2.82723
-0.00285774 -0.0353267 -2.83511
-0.00816384 -0.0435237 -2.84946
-0.00930552 -0.0543761 -2.86193
-0.0065001 -0.0637976 -2.87026
-0.00401018 -0.0711822 -2.87801
-0.00226803 -0.0806923 -2.88701
0.00405345 -0.102482 -2.92533
-0.00367066 -0.0831627 -2.95941
-0.00611904 -0.0856786 -2.97305
-0.00757814 -0.0901888 -2.98303
-0.00732801 -0.0956869 -2.99064
-0.0065578 -0.102578 -3.00096
-0.00712662 -0.107401 -3.00627
-0.0130852 -0.117034 -3.01213
-0.0227182 -0.116265 -3.03377
-0.0274851 -0.115998 -3.04782
-0.0301207 -0.113057 -3.0614
-0.0328569 -0.0953131 -3.09419
-0.0310485 -0.0895446 -3.10896
-0.0302765 -0.091962 -3.11988
-0.0256283 -0.103599 -3.13337
-0.0246417 -0.105764 -3.1297
-0.0228548 -0.107589 -3.13179
-0.0198582 -0.109222 -3.14028
-0.0102968 -0.107961 3.12112
-0.00413352 -0.104472 3.11142
0.000879719 -0.0992598 3.10384
0.00872931 -0.0989957 3.09604
0.0135041 -0.106789 3.08805
0.0137684 -0.110616 3.08145
0.0162511 -0.113723 3.07448
0.0229444 -0.108519 3.05952
0.0264355 -0.102732 3.0548
0.0786643 -0.0646797 3.05643
0.0860292 -0.067575 3.06269
0.0906292 -0.0607734 3.07712
0.087095 -0.0541378 3.07771
0.0822081 -0.05238 3.07404
0.0808469 -0.05087 3.07064
0.0861023 -0.0448412 3.07553
0.0888819 -0.0445227 3.08028
0.0889937 -0.0444202 3.085
0.0783573 -0.0401308 3.0962
0.0701532 -0.0384229 3.09745
0.0625548 -0.0374739 3.09992
0.0574204 -0.0363781 3.10339
0.0563277 -0.0383742 3.11107
0.0592302 -0.0396807 3.11595
0.0610707 -0.0405246 3.11922
0.0617214 -0.0429985 3.12627
0.0622301 -0.0411352 3.13159
0.0621614 -0.0400933 3.13482
0.0617207 -0.0414785 3.13654
0.0634738 -0.0393012 3.14136
0.0641779 -0.039519 -3.14073
0.0650158 -0.0393938 -3.13796
0.0637094 -0.037183 -3.1216
0.0633696 -0.0378045 -3.11891
0.0604321 -0.0380196 -3.11173
0.0593661 -0.036906 -3.11051
0.0584897 -0.0301878 -3.07924
0.0591036 -0.0269669 -3.07301
0.06154 -0.0277689 -3.06769
0.0633519 -0.0287514 -3.0663
0.0620558 -0.0316327 -3.0598
0.0598139 -0.0309945 -3.05658
0.0527864 -0.0293949 -3.04601
0.0497387 -0.0303164 -3.04128
0.0467214 -0.0318081 -3.03127
0.0445039 -0.03182 -3.01847
0.0454437 -0.0300511 -3.00486
0.0500349 -0.0247832 -2.9878
0.0522393 -0.0203532 -2.97061
0.0548754 -0.021281 -2.9521
0.056687 -0.0191382 -2.93002
0.0571604 -0.0185597 -2.9229
0.0574637 -0.0157214 -2.89679
0.0584777 -0.0170074 -2.88957
0.0695321 -0.0278642 -2.86648
0.0726335 -0.0305656 -2.85771
0.0858742 -0.0424304 -2.83756
0.0879448 -0.0489571 -2.82989
0.0896816 -0.0697258 -2.8075
0.0887765 -0.0882756 -2.78233
0.087814 -0.0911076 -2.75211
0.0863277 -0.0890017 -2.71638
0.0862228 -0.087582 -2.68831
0.0334735 -0.097899 -2.5635
0.0288974 -0.0481306 -2.36172
0.046715 -0.0689189 -2.32482
0.045915 -0.081236 -2.31977
0.0410501 -0.103918 -2.31985
0.0283939 -0.143521 -2.32941
0.0234331 -0.154634 -2.33344
0.0113606 -0.173896 -2.34926
0.00585278 -0.176082 -2.37128
0.00924396 -0.171987 -2.39579
0.0196084 -0.158688 -2.40864
0.033547 -0.136571 -2.42211
0.0453628 -0.122453 -2.43976
0.0493667 -0.117294 -2.45823
0.0495392 -0.115294 -2.46885
0.040532 -0.117553 -2.50658
0.0360633 -0.123439 -2.51917
0.0273309 -0.132522 -2.55886
0.0301041 -0.13472 -2.58426
0.0334962 -0.134151 -2.59924
0.0392597 -0.12844 -2.63594
0.0426822 -0.123899 -2.67453
0.0409671 -0.110513 -2.73029
0.0366738 -0.0872832 -2.79687
0.0307189 -0.0811951 -2.85487
0.0304223 -0.0836547 -2.90925
0.0304701 -0.0926453 -2.94897
0.00690982 -0.2129 3.12961
0.020597 -0.223146 3.06879
0.0318634 -0.21532 3.04191
0.0442618 -0.205813 3.02635
0.048287 -0.193356 3.01177
0.0433333 -0.184584 3.00369
0.0357905 -0.184645 3.00355
0.0295138 -0.189008 3.00458
0.00948031 -0.195902 3.00275
0.0038806 -0.195442 3.00272
-0.000241033 -0.205527 2.99748
0.00254978 -0.207365 2.99718
0.0175029 -0.18934 3.01389
0.0205388 -0.179709 3.02405
0.029636 -0.169368 3.04225
0.0422345 -0.166921 3.06428
0.0541079 -0.160683 3.08356
0.0609465 -0.160303 3.10304
0.057715 -0.160513 3.12118
0.0536009 -0.152776 3.13145
0.0486504 -0.141308 -3.13908
0.0471789 -0.137532 -3.13581
0.0447055 -0.14499 -3.12723
0.046615 -0.148008 -3.12303
0.0559575 -0.146847 -3.11165
0.0572482 -0.146681 -3.11019
0.0630926 -0.135115 -3.09734
0.0293965 -0.176399 -3.03089
0.0357863 -0.168721 -3.00999
0.0366759 -0.168997 -3.01048
0.039558 -0.169193 -3.0092
0.0415629 -0.169173 -3.00788
0.0431949 -0.170587 -3.00807
0.0464135 -0.170805 -3.00843
0.0472645 -0.169891 -3.00767
0.0514876 -0.16736 -3.00543
0.0540401 -0.167462 -3.00527
0.0582839 -0.16768 -3.00279
0.0593372 -0.165954 -3.00112
0.0627659 -0.160851 -2.99525
0.0634501 -0.158544 -2.99289
0.0648503 -0.153753 -2.98836
0.0638314 -0.152428 -2.98464
0.0608078 -0.155255 -2.98512
0.0589585 -0.158227 -2.98563
0.0569112 -0.159417 -2.98251
0.051457 -0.159003 -2.9809
0.0476341 -0.158415 -2.98073
0.0394574 -0.150862 -2.97517
0.0381 -0.147735 -2.97237
0.0359499 -0.136876 -2.96729
0.0350677 -0.134911 -2.96642
0.0323589 -0.128442 -2.96582
0.0317152 -0.125032 -2.96504
0.0358087 -0.107183 -2.95296
0.0353688 -0.103993 -2.95335
0.0334921 -0.0961997 -2.95436
0.0334111 -0.0949797 -2.95513
0.0331274 -0.0896877 -2.95565
0.0333917 -0.0873761 -2.95601
0.0344396 -0.0835289 -2.95819
0.0344773 -0.0821265 -2.9585
0.0359522 -0.0780043 -2.96055
0.0373882 -0.0744261 -2.96124
0.0392944 -0.0676162 -2.95875
0.0421697 -0.0610915 -2.95591
0.0444046 -0.0529066 -2.95529
0.0467715 -0.0414449 -2.95504
0.050703 -0.0284362 -2.95476
0.0519581 -0.0242443 -2.95456
0.0550433 -0.00817751 -2.95479
0.0557185 -0.0028924 -2.95507
0.0558925 0.00459828 -2.95513
0.0566219 0.013274 -2.9556
0.0575675 0.0146819 -2.95568
0.059228 0.014673 -2.95625
0.0593139 0.0130793 -2.95824
0.0602557 0.0119323 -2.96169
0.061061 0.00499943 -2.96375
0.0611632 0.00232235 -2.96412
0.0615478 0.000245078 -2.96413
0.0580334 -0.0084693 -2.96399
0.0234375 -0.0799828 -2.95723
0.0174631 -0.0834022 -2.956
0.0114692 -0.0804989 -2.95316
0.008203 -0.0780713 -2.95257
0.00914778 -0.0773107 -2.95285
0.0140941 -0.0759565 -2.95273
0.0202413 -0.0738885 -2.95256
0.02518 -0.0689394 -2.95094
0.026756 -0.0662769 -2.94969
0.0268615 -0.0618297 -2.94871
0.0256066 -0.0500854 -2.94906
0.0258347 -0.0391157 -2.94902
0.0251588 -0.0226857 -2.94617
0.026734 -0.00644214 -2.94513
0.0282564 0.00828078 -2.94245
0.0301173 0.012851 -2.94251
0.0444911 0.0454594 -2.94044
0.0495715 0.0529527 -2.93985
0.0695556 0.0773562 -2.93675
0.0749016 0.083653 -2.93515
0.0826534 0.101068 -2.93113
0.0828107 0.105625 -2.93184
0.0815432 0.113339 -2.93396
0.0783658 0.115325 -2.93721
0.0747504 0.116134 -2.94078
0.0711454 0.112399 -2.94637
0.0705863 0.093431 -2.94902
0.0688782 0.0918972 -2.94938
0.0669675 0.0896547 -2.95198
0.0665324 0.0905676 -2.95239
0.0648762 0.0891223 -2.95241
0.0602889 0.0892619 -2.95481
0.0578601 0.0904002 -2.95511
0.0568606 0.0922145 -2.95563
0.0568604 0.0978715 -2.95507
0.0620757 0.124251 -2.94943
0.0638754 0.133477 -2.94724
0.0644014 0.140264 -2.94506
0.0638239 0.141653 -2.94446
0.0621676 0.140931 -2.94414
0.0586811 0.137832 -2.9443
0.0541509 0.134139 -2.9453
0.046383 0.125677 -2.94701
0.0437553 0.12224 -2.94779
0.0406293 0.118593 -2.94857
0.0401301 0.117393 -2.94844
0.0403854 0.118032 -2.94785
0.0368079 0.103977 -2.9412
0.0492495 0.12426 -2.93403
0.0567134 0.113834 -2.93717
0.054817 0.106319 -2.93775
0.0539104 0.103322 -2.93705
0.0485088 0.10405 -2.93425
-0.00372253 0.0460288 -2.9528
-0.00538552 0.044951 -2.94692
-0.0142157 0.0439736 -2.94626
-0.0171632 0.0457568 -2.94303
-0.0193574 0.0499351 -2.93865
-0.0234106 0.0439506 -2.93439
-0.0226587 0.0428208 -2.93517
-0.0203818 0.0410094 -2.93507
-0.0148458 0.0366155 -2.93567
-0.000976633 0.029376 -2.93361
0.00634435 0.0290012 -2.93427
0.0167104 0.0300054 -2.93824
0.0175455 0.0302649 -2.94028
0.0170225 0.0320287 -2.94148
0.0177577 0.0337174 -2.9421
0.0197344 0.0306374 -2.93917
0.0245078 0.025405 -2.93016
0.0249445 0.0237168 -2.92611
0.0235999 0.0214422 -2.92611
0.0161024 0.0137247 -2.93156
0.0137276 0.00703388 -2.93615
0.0140828 0.000406042 -2.9399
0.016389 -0.00455626 -2.94378
0.0202421 -0.0129708 -2.94807
0.0201939 -0.0175302 -2.95222
0.0188647 -0.0210349 -2.95713
0.020818 -0.0251762 -2.96791
0.0151033 -0.0500992 -2.97142
0.00644665 -0.0660266 -2.97164
0.00345315 -0.0758159 -2.97076
0.00318091 -0.0770266 -2.96963
0.00411636 -0.0805037 -2.96751
0.00714617 -0.079234 -2.96518
0.00752468 -0.0780081 -2.96497
0.00733943 -0.0769238 -2.9646
0.00791353 -0.0747669 -2.96396
0.0121286 -0.0689849 -2.96098
0.015348 -0.0684756 -2.95971
0.0188682 -0.0665306 -2.95794
0.0189398 -0.0604147 -2.95461
0.0163325 -0.0599625 -2.95468
0.0133758 -0.0558105 -2.95533
0.0123151 -0.0516106 -2.95618
0.0125262 -0.04627 -2.95765
0.0145565 -0.043198 -2.95936
0.0150359 -0.0421528 -2.96007
0.017337 -0.0403568 -2.96073
0.0189385 -0.0382939 -2.95981
0.020095 -0.0384427 -2.95938
0.0223695 -0.0393273 -2.95829
0.0275112 -0.0421005 -2.95574
0.0294653 -0.0434442 -2.9547
0.0301211 -0.0444196 -2.95444
0.0301466 -0.0434677 -2.95316
0.0275164 -0.03127 -2.94055
0.0338287 -0.0364353 -2.94355
0.0332274 -0.0350294 -2.94442
0.031543 -0.0345039 -2.9459
0.0285464 -0.0360084 -2.9478
0.0296398 -0.0361905 -2.94717
0.0345932 -0.0392727 -2.94451
0.0373759 -0.0412904 -2.94332
0.0391226 -0.0421564 -2.94175
0.0385225 -0.0429389 -2.9416
0.0369032 -0.0432667 -2.9437
0.0347996 -0.0399391 -2.94815
0.0346378 -0.0381509 -2.94842
0.0350822 -0.0368751 -2.94899
0.0356642 -0.0340361 -2.94927
0.0339046 -0.0304453 -2.95336
0.0328956 -0.0299328 -2.95627
0.0330764 -0.0258897 -2.95762
0.0370223 -0.0235162 -2.95944
0.0381002 -0.0252552 -2.95917
0.0387371 -0.0253708 -2.95942
0.0378481 -0.0257688 -2.96043
0.0372569 -0.0243192 -2.96107
0.0382411 -0.0198044 -2.96162
0.0418052 -0.0146555 -2.96272
0.0428443 -0.0118028 -2.96383
0.0400677 -0.005595 -2.96502
0.0386779 8.54791e-06 -2.96362
0.0369415 0.0160685 -2.96961
0.0373973 0.0172568 -2.96919
0.0373025 0.0169842 -2.96886
0.036169 0.0174512 -2.96873
0.0352854 0.0183797 -2.96912
0.0351203 0.0186891 -2.96975
0.0349285 0.018742 -2.97065
0.0349869 0.0191804 -2.97163
0.0371464 0.0229678 -2.97227
0.0376856 0.0230697 -2.97268
0.0377692 0.0244096 -2.97237
0.0368291 0.0237125 -2.9731
0.0359558 0.0232356 -2.97381
0.0358735 0.0247011 -2.97377
0.0360017 0.0249947 -2.974
0.0371462 0.0246288 -2.97392
0.0371165 0.0249942 -2.97301
0.0362653 0.0245651 -2.97379
0.0358264 0.0245889 -2.97426
0.0352729 0.0257002 -2.97379
0.0347147 0.0245225 -2.9748
0.0335483 0.0229194 -2.97551
0.0329081 0.0235976 -2.97573
0.0336576 0.0249029 -2.97777
0.0357853 0.0287034 -2.97676
0.0365464 0.0291563 -2.97695
0.0568354 0.0132599 -2.9784
0.0796275 0.00434296 -2.97128
0.0895039 0.00241725 -2.971
0.111057 -0.00176209 -2.96929
0.121476 -0.00345797 -2.96748
0.139328 -0.00581378 -2.96557
0.14481 -0.00725205 -2.96678
0.149312 -0.00736324 -2.96947
0.153159 -0.00753513 -2.97202
0.15562 -0.00849649 -2.97479
0.157504 -0.00813676 -2.97987
0.157901 -0.00768377 -2.98219
0.159143 -0.00874216 -2.98743
0.160518 -0.0104944 -2.98977
0.162961 -0.0109228 -2.99183
0.164975 -0.0117552 -2.9939
0.167322 -0.0115485 -2.99614
0.171052 -0.0120327 -3.00165
0.17272 -0.0126146 -3.0039
0.176295 -0.015657 -3.00718
0.178784 -0.0163233 -3.0088
0.18023 -0.0168943 -3.01034
0.180441 -0.0166611 -3.01245
0.178899 -0.0153577 -3.0149
0.177252 -0.0157873 -3.01671
0.17399 -0.0168985 -3.01931
0.172617 -0.0163376 -3.01986
0.161464 -0.0152524 -3.02463
0.0990728 0.00081126 -3.03518
0.0883527 0.00311081 -3.0369
0.0671344 0.0104186 -3.03642
0.057192 0.0114403 -3.03603
0.0285841 0.00865518 -3.03451
0.0099797 0.00817974 -3.03607
-0.021296 0.0101033 -3.03895
-0.0594557 0.00815075 -3.0342
-0.0756994 0.00907978 -3.03369
-0.0893033 0.0105842 -3.0327
-0.0982961 0.0138429 -3.03178
-0.110881 0.0231125 -3.0299
-0.116908 0.0281146 -3.0299
-0.125788 0.034083 -3.02698
-0.139506 0.0390612 -3.02632
-0.148355 0.0399754 -3.02694
-0.157752 0.0407342 -3.02725
-0.173976 0.0423145 -3.02886
-0.178964 0.0408838 -3.02912
-0.182282 0.0414539 -3.02838
-0.18278 0.0428512 -3.02747
-0.183624 0.0429354 -3.02624
-0.189627 0.0425325 -3.02234
-0.191648 0.0425722 -3.02098
-0.198378 0.0377207 -3.01592
-0.200168 0.0380319 -3.01403
-0.206875 0.0313632 -3.01201
-0.205484 0.0332425 -3.01356
-0.20588 0.0307244 -3.01475
-0.205102 0.0298761 -3.01498
-0.203748 0.0274476 -3.0134
-0.202532 0.0273923 -3.012
-0.201772 0.0264135 -3.00952
-0.201844 0.0245748 -3.0086
-0.20191 0.0241453 -3.00828
-0.200425 0.0247402 -3.00779
-0.197437 0.0255478 -3.00589
-0.187139 0.0283227 -3.00395
-0.180753 0.030468 -3.00374
-0.171839 0.0331805 -3.00271
-0.15008 0.0282111 -2.99271
-0.139491 0.0215976 -2.98615
-0.128904 0.0114113 -2.97984
-0.12072 -0.0053567 -2.97303
-0.106358 -0.0324731 -2.95974
-0.0990275 -0.0387289 -2.95592
-0.0920597 -0.0424312 -2.95289
-0.0805501 -0.048184 -2.94878
-0.0758805 -0.0484767 -2.94811
-0.0698528 -0.045131 -2.94854
-0.065282 -0.0422766 -2.94926
-0.0558535 -0.0331617 -2.95191
-0.0476843 -0.0206254 -2.95523
0.0660472 0.0758712 -2.94959
0.0679698 0.08296 -2.95253
0.069102 0.0942544 -2.95648
0.0693187 0.100948 -2.95903
0.0722564 0.11399 -2.95964
0.0762172 0.121032 -2.95993
0.0834877 0.13161 -2.96247
0.0880599 0.138047 -2.96287
0.0919696 0.144099 -2.96245
0.0941153 0.147763 -2.9628
0.0945757 0.149919 -2.96381
0.0940018 0.150099 -2.96516
0.093508 0.147481 -2.96512
0.0950568 0.148608 -2.96548
0.095546 0.147981 -2.96584
0.097173 0.149805 -2.96627
0.0987013 0.152275 -2.96604
0.0996905 0.154812 -2.96571
0.0995646 0.14745 -2.9671
0.0988612 0.136958 -2.96774
0.0952666 0.113162 -2.96766
0.0926891 0.100363 -2.96766
0.0897598 0.0876271 -2.96759
0.0868535 0.077512 -2.96809
0.0840848 0.0679415 -2.96936
0.0798625 0.0487553 -2.97249
0.0796036 0.0406079 -2.97438
0.0567894 -0.0488428 -2.9796
0.0525651 -0.0775438 -2.9746
0.0551715 -0.0846381 -2.97175
0.056318 -0.0876039 -2.96694
0.0562864 -0.0935111 -2.96318
0.0560367 -0.0981966 -2.96067
0.052198 -0.102706 -2.95969
0.0511699 -0.10556 -2.96025
0.0516505 -0.105602 -2.96064
0.0528061 -0.104195 -2.96088
0.0534609 -0.103689 -2.96173
0.0536641 -0.10112 -2.96134
0.0526704 -0.0995517 -2.96048
0.0518076 -0.0921404 -2.95373
0.0509503 -0.0846841 -2.94711
0.0499942 -0.071955 -2.94042
0.0433408 -0.0720389 -2.93378
0.0397219 -0.0763545 -2.93535
0.0372717 -0.0781228 -2.93799
0.0379699 -0.0781222 -2.94067
0.04437 -0.079411 -2.94532
0.0488838 -0.0764614 -2.94684
0.0537863 -0.0742926 -2.94805
0.062584 -0.0719126 -2.94923
0.0654821 -0.0684466 -2.9495
0.0665801 -0.0655794 -2.95039
0.0667159 -0.0617368 -2.95162
0.0766254 -0.0711532 -2.95136
0.0664555 -0.0438434 -2.96925
0.0701182 -0.0376559 -2.97103
0.0721549 -0.0345132 -2.97246
0.076602 -0.0269138 -2.97465
0.0791697 -0.0190631 -2.97395
0.0811734 -0.0128245 -2.97254
0.0829337 -0.00784806 -2.97096
0.0841458 -0.00347729 -2.96973
0.0854073 -1.65654e-05 -2.96915
0.0864133 0.00400302 -2.96851
0.0888156 0.00911018 -2.96696
0.0897926 0.0111581 -2.96644
0.0905608 0.0126829 -2.96589
0.0906969 0.0145803 -2.9649
0.0896743 0.0129227 -2.96588
0.0889507 0.0126822 -2.96557
0.0874074 0.012417 -2.9644
0.0854519 0.00738617 -2.96422
0.0845843 0.00420817 -2.96348
0.0844643 -0.00079106 -2.96194
0.0845883 -0.00327321 -2.96126
0.0834034 -0.00603956 -2.9603
0.0820115 -0.00845997 -2.9608
0.0778054 -0.0100639 -2.96341
0.0764344 -0.00782636 -2.96331
0.0759032 -0.00657272 -2.96448
0.0796842 -0.00956103 -2.96982
0.085359 -0.0110014 -2.96759
0.0860491 -0.0109042 -2.9658
0.0859339 -0.0106852 -2.96485
0.0866154 -0.00973793 -2.96431
0.087674 -0.00793187 -2.96395
0.0891844 -0.00534178 -2.96477
0.0897028 -0.00415096 -2.96448
0.0901101 -0.0018373 -2.96351
0.089919 -0.000813338 -2.96309
0.0902007 -0.00081059 -2.9626
0.0910085 0.000444935 -2.96116
0.0934529 0.00144152 -2.96036
0.0945155 0.00136938 -2.96039
0.0961823 0.00241211 -2.96055
0.0970152 0.00203482 -2.96093
0.0972154 0.00143355 -2.96081
0.0980608 -0.000139269 -2.96179
0.0987963 -0.00126473 -2.96235
0.0997673 -0.00301608 -2.96303
0.101659 -0.00366819 -2.96372
0.104247 -0.00479203 -2.96471
0.10478 -0.00532958 -2.96578
0.106331 -0.00493584 -2.96712
0.106969 -0.00508659 -2.96729
0.110033 -0.00446694 -2.969
0.111503 -0.00474186 -2.97005
0.102554 -0.0227692 -2.97189
0.103585 -0.0230653 -2.97258
0.104795 -0.0234886 -2.97312
0.105408 -0.0239102 -2.97377
0.103352 -0.0250019 -2.97469
0.102208 -0.0258034 -2.97542
0.100468 -0.0295723 -2.97631
0.100617 -0.0308673 -2.97638
0.100642 -0.032438 -2.97603
0.101118 -0.0339937 -2.97553
0.10184 -0.0356822 -2.97523
0.105096 -0.0353513 -2.97507
0.105922 -0.0359329 -2.9749
0.108272 -0.0362927 -2.97357
0.109547 -0.0359668 -2.97301
0.110809 -0.0356543 -2.9724
0.11234 -0.0342789 -2.97086
0.112332 -0.0349757 -2.9698
0.111777 -0.0358062 -2.96938
0.110931 -0.0367558 -2.96885
0.109708 -0.0381791 -2.96859
0.109342 -0.0400257 -2.96918
0.1089 -0.0411198 -2.9693
0.108503 -0.0424515 -2.96985
0.108515 -0.0436524 -2.97039
0.108687 -0.0444978 -2.97058
0.108303 -0.0461376 -2.97077
0.113765 -0.0451157 -2.97297
0.114912 -0.0463904 -2.97328
0.115728 -0.0459692 -2.97372
0.114835 -0.0471177 -2.97378
0.11441 -0.0486611 -2.97506
0.114165 -0.049968 -2.97488
0.114074 -0.0529106 -2.97435
0.11406 -0.0545947 -2.97424
0.11418 -0.0547883 -2.97397
0.1143 -0.0573858 -2.97346
0.11486 -0.0577677 -2.97297
0.117666 -0.0570435 -2.97273
0.118659 -0.0566899 -2.97271
0.120131 -0.0548859 -2.97192
0.121366 -0.0545579 -2.97184
0.122702 -0.05398 -2.97178
0.12381 -0.0538158 -2.97103
0.123708 -0.0541152 -2.97115
0.123471 -0.0546914 -2.97113
0.123365 -0.0505741 -2.97009
0.121975 -0.0492761 -2.96999
0.119501 -0.0489825 -2.97106
0.115742 -0.0473671 -2.97353
0.115044 -0.046738 -2.974
0.111334 -0.0464906 -2.97289
0.109412 -0.0457556 -2.97085
0.10885 -0.0450079 -2.97025
0.111233 -0.0312834 -2.97229
0.111861 -0.0326751 -2.97259
0.113564 -0.0291199 -2.97351
0.114609 -0.0235493 -2.97465
0.114702 -0.0126895 -2.97667
0.113996 -0.00345799 -2.97613
0.114705 0.00492451 -2.97606
0.11612 0.0203183 -2.97569
0.120672 0.0568451 -2.97183
0.12154 0.0724593 -2.97104
0.126191 0.123097 -2.96943
0.129007 0.139789 -2.96954
0.132943 0.147127 -2.97126
0.13767 0.148952 -2.97259
0.14448 0.148923 -2.97253
0.157162 0.130912 -2.96798
0.162123 0.109432 -2.96548
0.162243 0.0599765 -2.96209
0.149001 0.0167308 -2.9705
0.0967818 -0.0753646 -2.9967
0.0666557 -0.117136 -3.00795
0.0331095 -0.162428 -3.01983
0.00930652 -0.197541 -3.02235
-0.00491299 -0.222899 -3.01919
0.00770983 -0.242775 -2.9918
0.0216925 -0.237718 -2.9799
0.071148 -0.216467 -2.93408
0.10136 -0.203663 -2.54645
0.00944481 -0.199173 -2.38667
0.0381617 -0.198544 -2.40045
0.0836376 -0.203972 -2.435
0.10015 -0.212819 -2.45829
0.113183 -0.223317 -2.48942
0.081064 -0.232776 -2.4982
0.0694269 -0.243435 -2.52007
0.0642021 -0.252172 -2.54728
0.0494391 -0.257586 -2.55453
0.0451049 -0.257208 -2.55384
0.0445289 -0.250267 -2.55517
0.0340635 -0.233322 -2.56368
0.0248992 -0.22314 -2.57329
0.0141367 -0.211446 -2.58501
0.0077952 -0.199287 -2.59469
0.00977812 -0.16579 -2.60609
0.0151103 -0.152101 -2.61008
0.0280476 -0.120131 -2.60877
0.0352848 -0.103395 -2.6118
0.0432545 -0.0771391 -2.61799
0.0466666 -0.0703601 -2.62138
0.0516519 -0.061667 -2.6277
0.0562661 -0.0541594 -2.63283
0.0605966 -0.0522811 -2.63328
0.0660876 -0.0515458 -2.6336
0.0702682 -0.0537424 -2.63322
0.120397 -0.0693569 -2.62467
0.113045 -0.114336 -2.65086
0.107196 -0.116694 -2.66065
0.102964 -0.116977 -2.66641
0.0983647 -0.120347 -2.67224
0.0911322 -0.123513 -2.68253
0.0865096 -0.124829 -2.6902
0.0817543 -0.126024 -2.69879
0.0739989 -0.124994 -2.71295
0.0693555 -0.116079 -2.727
0.0662356 -0.113324 -2.72826
0.065649 -0.113928 -2.72716
0.0685549 -0.116224 -2.72802
0.0685764 -0.119484 -2.73193
0.0658033 -0.120286 -2.73392
0.0570658 -0.123653 -2.74419
0.0329823 -0.134798 -2.77507
0.0254614 -0.138326 -2.79097
0.0234315 -0.14601 -2.80814
0.024601 -0.16044 -2.84407
0.0272035 -0.163784 -2.86218
0.0297812 -0.163969 -2.88359
0.0460642 -0.166998 -2.93332
0.0557558 -0.16637 -2.9581
0.0602803 -0.157455 -2.98098
0.0504569 -0.156336 -3.00211
0.026931 -0.147512 -3.04607
0.0896891 -0.111571 3.12216
0.0928673 -0.145793 3.07141
0.08531 -0.144963 3.05654
0.0890369 -0.146367 3.047
0.0996082 -0.141834 3.04471
0.114279 -0.13817 3.05206
0.137875 -0.137942 3.06251
0.145904 -0.134858 3.06573
0.153728 -0.130146 3.07538
0.156609 -0.127624 3.07842
0.160291 -0.123613 3.08321
0.163194 -0.116988 3.09334
0.162294 -0.111547 3.09955
0.146795 -0.103036 3.09577
0.1343 -0.103994 3.0881
0.122323 -0.105389 3.08037
0.107333 -0.105016 3.0718
0.107612 -0.103941 3.07237
0.109681 -0.10086 3.07621
0.112068 -0.0990323 3.0807
0.117788 -0.097627 3.09038
0.119377 -0.0984717 3.09356
0.120682 -0.0994015 3.09631
0.123628 -0.0976751 3.10856
0.123893 -0.0951596 3.11256
0.123502 -0.0926242 3.11567
0.12176 -0.0874751 3.12053
0.123914 -0.0857067 -3.12188
0.128852 -0.0832516 -3.10529
0.128326 -0.0796951 -3.09525
0.126927 -0.0781747 -3.0931
0.124367 -0.0764657 -3.0901
0.123595 -0.0759603 -3.08734
0.123355 -0.0784113 -3.08605
0.12466 -0.0809901 -3.084
0.126237 -0.082242 -3.08181
0.126157 -0.081121 -3.07786
0.124059 -0.0794112 -3.07689
0.119376 -0.0725968 -3.07396
0.118264 -0.0712749 -3.07283
0.118322 -0.0695493 -3.0708
0.118984 -0.0657536 -3.06671
0.119827 -0.0649493 -3.06508
0.122483 -0.0664511 -3.05986
0.124354 -0.0647291 -3.05451
0.125554 -0.0643524 -3.05091
0.127305 -0.0673312 -3.04569
0.126353 -0.0676461 -3.04339
0.123139 -0.0663249 -3.04157
0.110794 -0.0656517 -3.04023
0.10544 -0.0640334 -3.04054
0.0976678 -0.0599515 -3.03977
0.0927222 -0.0591262 -3.03745
0.0893579 -0.0595187 -3.03595
0.0734169 -0.140899 -3.01957
0.0538601 -0.137532 -2.97055
0.0536879 -0.142048 -2.97131
0.0549643 -0.145264 -2.97129
0.0580793 -0.148252 -2.96933
0.0601363 -0.150906 -2.96758
0.0620197 -0.154664 -2.96475
0.0625969 -0.158056 -2.96292
0.062908 -0.163682 -2.95978
0.0639999 -0.164653 -2.95873
0.0632639 -0.168888 -2.95782
0.0625395 -0.170072 -2.95893
0.060467 -0.172304 -2.96037
0.058594 -0.17285 -2.96312
0.0584904 -0.171853 -2.96489
0.062321 -0.166716 -2.9681
0.0635508 -0.165996 -2.96721
0.0647868 -0.164145 -2.96521
0.0653242 -0.162586 -2.96513
0.0664103 -0.161894 -2.96616
0.0680849 -0.159947 -2.96723
0.0690917 -0.159413 -2.96763
0.070051 -0.158742 -2.96767
0.0712546 -0.157463 -2.96705
0.0731039 -0.153644 -2.96526
0.0724612 -0.150119 -2.96519
0.0713702 -0.144864 -2.96519
0.0720865 -0.131278 -2.9646
0.07493 0.00868313 -2.93733
0.0766595 0.014877 -2.93452
0.0785421 0.0186017 -2.93323
0.0797811 0.0215304 -2.93181
0.0803973 0.0259158 -2.93008
0.0820595 0.0327315 -2.92833
0.0819508 0.034384 -2.92792
0.0814974 0.0353408 -2.92859
0.0793298 0.0340548 -2.92997
0.0772115 0.0317775 -2.93097
0.0741264 0.03135 -2.93317
0.067694 0.0318513 -2.93584
0.0655271 0.0313391 -2.93628
0.0601472 0.0258072 -2.93664
0.0563045 0.0243592 -2.93653
0.0540729 0.0249256 -2.93578
0.054086 0.0262025 -2.9336
0.0540075 0.0272649 -2.93028
0.0504833 0.0343832 -2.9279
0.0466261 0.0383552 -2.92864
0.0413157 0.0462785 -2.92919
0.0367872 0.0417132 -2.92363
0.0356924 0.0399923 -2.91699
0.0367853 0.0438303 -2.91171
0.0368587 0.0425171 -2.90969
0.0305853 0.0389164 -2.91208
0.0285461 0.0575761 -2.9099
0.0725361 -0.0105357 -2.89448
0.0502754 -0.00986643 -2.9012
0.0315798 -0.0136104 -2.90662
0.0138209 -0.0217658 -2.91072
0.00118795 -0.0262957 -2.91572
-0.0150151 -0.0395078 -2.92122
-0.0146395 -0.0431652 -2.91814
-0.0120751 -0.043647 -2.91317
0.0102267 -0.0730222 -2.89306
0.0190068 -0.0715226 -2.87707
0.008572 -0.0751796 -2.86301
-0.00215843 -0.082278 -2.85809
-0.0456825 -0.0908407 -2.84802
-0.0599188 -0.0904006 -2.8454
-0.0908789 -0.0900577 -2.83812
-0.105327 -0.0982551 -2.83196
-0.110503 -0.109812 -2.82335
-0.109844 -0.139711 -2.8114
-0.102562 -0.163266 -2.80917
-0.0772689 -0.195084 -2.80887
-0.0677291 -0.207043 -2.809
-0.0548737 -0.219467 -2.80904
-0.0407133 -0.2201 -2.81552
-0.0390234 -0.218409 -2.82061
-0.0401495 -0.216148 -2.8246
-0.0406392 -0.214537 -2.82799
-0.032364 -0.195181 -2.84678
-0.0254444 -0.0706393 -2.87449
-0.0249973 -0.0565085 -2.8735
-0.0233321 -0.0555811 -2.87407
-0.0133622 -0.043321 -2.87289
-0.0100583 -0.0358966 -2.87312
-0.000462649 -0.0173757 -2.87644
0.00151299 -0.00905954 -2.87745
0.00292141 -0.00687515 -2.87825
0.00398128 -0.00721524 -2.87876
0.00442971 -0.0059617 -2.87863
0.00656922 -0.00453975 -2.8784
0.00862272 -0.00154612 -2.87809
0.014398 0.00899756 -2.87669
0.0174763 0.0138282 -2.87594
0.0203605 0.0191378 -2.87556
0.0224181 0.0238815 -2.87545
0.0223533 0.0255789 -2.87527
0.0222253 0.0283253 -2.8741
0.0223047 0.0300231 -2.87394
0.0226705 0.0331783 -2.87391
0.0245082 0.0454555 -2.87365
0.0257625 0.0522542 -2.87433
0.0260171 0.0548169 -2.87459
0.0266364 0.0578157 -2.87642
0.0264267 0.0588827 -2.87628
0.0255711 0.062343 -2.87577
0.0209872 0.0971708 -2.87186
0.230348 0.0272226 -2.83142
-0.0044904 0.0884686 -2.84238
0.0876537 0.059625 -2.82695
0.103055 0.0485264 -2.82353
0.107423 0.0434637 -2.82265
0.10935 0.0380998 -2.82274
0.110152 0.0300345 -2.82423
0.110761 0.0273992 -2.82502
0.112125 0.024705 -2.82631
0.11389 0.0229249 -2.82851
0.114248 0.0232896 -2.82918
0.113899 0.0253263 -2.82981
0.106713 0.033313 -2.83112
0.101289 0.037632 -2.83222
0.0853382 0.0510884 -2.83342
0.0763088 0.0589759 -2.83373
0.0702129 0.0625004 -2.83502
0.0652029 0.0664475 -2.83608
0.0618074 0.0704186 -2.83673
0.0589629 0.0826751 -2.83773
0.0583211 0.0905605 -2.83886
0.0567221 0.11285 -2.84024
0.0544661 0.142829 -2.84347
0.0247176 -0.116923 -2.86646
0.020311 -0.139606 -2.86813
0.0185535 -0.147229 -2.86834
0.034943 -0.123697 -2.86784
0.0326065 0.100976 -2.85874
0.0321308 0.118788 -2.85789
0.0311435 0.125887 -2.85789
0.0301655 0.134061 -2.85747
0.0286008 0.139599 -2.85774
0.0281706 0.142377 -2.85754
0.0278892 0.146028 -2.85704
0.0272643 0.149483 -2.85703
0.0275538 0.149786 -2.85678
0.0280576 0.150967 -2.85594
0.0282326 0.150047 -2.85569
0.0296815 0.142996 -2.85439
0.0305324 0.139416 -2.85314
0.0310247 0.135506 -2.85204
0.0298592 0.130476 -2.85033
0.0290321 0.128441 -2.8501
0.0276488 0.126138 -2.84957
0.0253152 0.123202 -2.84899
0.0244165 0.119978 -2.85028
0.0248946 0.117598 -2.85199
0.0255386 0.114984 -2.85427
0.0271781 0.109456 -2.85992
0.0264073 0.104672 -2.86163
0.0259681 0.0993753 -2.86236
0.0270288 0.09338 -2.86181
0.0341535 0.0789213 -2.85806
0.0318481 0.0837875 -2.85861
0.0325629 0.0839692 -2.86179
0.0366385 0.0817986 -2.86278
0.0369453 0.0806219 -2.86325
0.0358807 0.0802338 -2.86352
0.034116 0.0804069 -2.86332
0.0269482 0.0785336 -2.86622
0.0233591 0.0810523 -2.86701
0.018215 0.0808503 -2.86959
0.0109744 0.0875301 -2.87478
0.00640059 0.0896328 -2.87905
-0.00456984 0.0970741 -2.89103
-0.0144739 0.0997033 -2.89927
-0.0249576 0.103509 -2.90799
-0.0323952 0.104594 -2.91477
-0.042838 0.103616 -2.92674
-0.0467637 0.103888 -2.93141
-0.0548647 0.103604 -2.94036
-0.0574466 0.102057 -2.94373
-0.0585402 0.101146 -2.94605
-0.0587296 0.0997389 -2.94797
-0.0589044 0.0950871 -2.94902
-0.0602408 0.0919755 -2.94687
-0.0611464 0.0877304 -2.94689
-0.0645044 0.0774548 -2.94636
-0.065625 0.0735352 -2.94707
-0.067887 0.0641885 -2.94924
-0.0771051 0.0412254 -2.93074
-0.0527802 -0.0216565 -2.85267
-0.0424202 -0.029662 -2.83841
-0.03404 -0.0392542 -2.82851
-0.0198382 -0.0536566 -2.83478
-0.00946816 -0.0635428 -2.84147
0.0146322 -0.0878601 -2.84624
0.0315767 -0.101932 -2.8459
0.0412786 -0.114672 -2.842
0.0422623 -0.131055 -2.82531
0.0359465 -0.135452 -2.81457
0.0289534 -0.147699 -2.80173
0.0267824 -0.162872 -2.78157
0.0194677 -0.186257 -2.72408
0.0116367 -0.181108 -2.6848
-0.00141414 -0.152817 -2.61348
-0.0219634 -0.162291 -2.55753
-0.0463888 -0.176293 -2.51181
-0.114978 -0.204619 -2.40761
-0.156489 -0.20708 -2.34333
-0.236935 -0.207116 -2.17428
-0.264164 -0.212891 -2.08277
-0.276152 -0.225593 -1.99487
-0.270284 -0.252642 -1.89516
-0.258063 -0.295406 -1.79961
-0.240861 -0.392188 -1.61313
-0.244918 -0.422032 -1.52833
-0.340559 -0.55917 -1.00187
-0.363132 -0.545379 -0.857109
-0.352964 -0.553508 -0.852793
-0.338312 -0.563531 -0.845859
-0.308811 -0.574555 -0.844321
-0.301552 -0.579574 -0.841438
-0.291361 -0.590545 -0.838591
-0.285305 -0.590644 -0.840453
-0.278285 -0.59032 -0.843115
-0.265717 -0.587498 -0.847427
-0.249161 -0.583238 -0.859624
-0.230794 -0.587276 -0.873364
-0.225619 -0.594049 -0.879501
-0.218683 -0.615529 -0.8949
-0.213425 -0.625568 -0.90151
-0.20597 -0.631947 -0.906671
-0.19584 -0.638547 -0.919309
-0.189692 -0.64365 -0.933029
-0.193364 -0.646938 -0.941017
-0.198705 -0.651949 -0.957117
-0.193621 -0.644796 -0.969675
-0.195085 -0.64194 -0.988741
-0.20239 -0.65829 -0.984334
-0.206703 -0.68455 -0.990206
-0.189561 -0.715471 -1.03546
-0.184393 -0.720402 -1.04667
-0.186987 -0.735093 -1.04509
-0.211013 -0.790224 -1.1048
-0.174101 -0.791599 -1.14617
-0.161925 -0.786059 -1.16008
-0.149128 -0.777519 -1.16827
-0.130762 -0.771244 -1.16372
-0.127039 -0.76988 -1.16126
-0.108947 -0.755052 -1.16527
-0.0979062 -0.746227 -1.16638
-0.0948754 -0.74487 -1.16541
-0.0954093 -0.754592 -1.17223
-0.0942403 -0.75886 -1.18042
-0.0945628 -0.764787 -1.1855
-0.0990016 -0.774265 -1.19119
-0.103391 -0.781379 -1.19292
-0.107716 -0.786316 -1.19168
-0.110195 -0.78865 -1.18979
-0.107624 -0.787049 -1.19257
-0.103992 -0.784964 -1.1941
-0.0958112 -0.788391 -1.20129
-0.0920834 -0.7864 -1.20572
-0.0833666 -0.784058 -1.2132
-0.0763306 -0.783889 -1.21615
-0.0688367 -0.784604 -1.21991
-0.0585528 -0.786445 -1.22282
-0.0523374 -0.785966 -1.22483
-0.0402399 -0.783537 -1.22703
-0.034847 -0.781659 -1.22856
-0.021438 -0.790551 -1.24685
0.249213 -0.621913 -2.18637
0.314094 -0.603274 -2.30682
0.354979 -0.582815 -2.36728
0.435147 -0.564853 -2.49091
0.4574 -0.540278 -2.55213
0.448726 -0.522269 -2.59994
0.39819 -0.468665 -2.65496
0.386777 -0.458114 -2.67963
0.379383 -0.442591 -2.71303
0.360471 -0.386695 -2.7817
0.319149 -0.334623 -2.80237
0.289801 -0.310118 -2.81225
0.270064 -0.282874 -2.82739
0.249594 -0.256547 -2.83418
0.251675 -0.242041 -2.85862
0.266532 -0.2158 -2.88774
0.290993 -0.20698 -2.90997
0.297697 -0.19194 -2.91408
0.30269 -0.185803 -2.90862
0.294665 -0.176869 -2.88226
0.2787 -0.15953 -2.87717
0.263579 -0.135253 -2.88076
0.250683 -0.105051 -2.89619
0.246655 -0.0938136 -2.90385
0.235844 -0.0789914 -2.90386
0.223651 -0.0760789 -2.90715
0.118265 -0.0727888 -2.92187
0.107241 -0.0943167 -2.89398
0.0922444 -0.106046 -2.8895
0.0834672 -0.108648 -2.88751
0.0759944 -0.111614 -2.88656
0.0679878 -0.11287 -2.88253
0.0638191 -0.110787 -2.88093
0.0626963 -0.111441 -2.87783
0.0600394 -0.113019 -2.87099
0.0588312 -0.107518 -2.87008
0.0572362 -0.106609 -2.86838
0.0541762 -0.101195 -2.86559
0.0536308 -0.0954658 -2.86743
0.05138 -0.0942723 -2.86717
0.0522881 -0.0940151 -2.86667
0.0525327 -0.0930205 -2.86619
0.0529216 -0.0915864 -2.86527
0.052945 -0.0909166 -2.86407
0.0546501 -0.0882975 -2.86239
0.0553147 -0.085809 -2.85835
0.055287 -0.0879865 -2.85575
0.0554356 -0.0911133 -2.85323
0.0586617 -0.0934637 -2.84673
0.0606324 -0.0978983 -2.84188
0.0617398 -0.100301 -2.83563
0.0609296 -0.100941 -2.83314
0.0587814 -0.101895 -2.83068
0.0562681 -0.0622004 -2.85387
0.058079 -0.04156 -2.86988
0.0610997 -0.0357262 -2.87615
0.0613829 -0.0344176 -2.87846
0.0601414 -0.0311557 -2.88293
0.058581 -0.0297934 -2.88434
0.0585341 -0.0287816 -2.88691
0.058926 -0.0268198 -2.88856
0.0631918 -0.0207624 -2.88696
0.0671929 -0.0202585 -2.88543
0.073457 -0.0220028 -2.88201
0.0748431 -0.022541 -2.88078
0.0735985 -0.0240317 -2.87968
0.0705904 -0.0255817 -2.87809
0.0629363 -0.025896 -2.87058
0.0567936 -0.0285572 -2.87006
0.0551125 -0.0289782 -2.86979
0.0544971 -0.0274198 -2.86712
0.0551523 -0.0280692 -2.86521
0.0586386 -0.0315749 -2.8565
0.0595916 -0.0325709 -2.85177
0.0552559 -0.0382379 -2.84582
0.0398634 -0.0379999 -2.85035
0.0302771 -0.0333764 -2.86265
0.0199512 -0.0422941 -2.87671
0.0147165 -0.0482519 -2.89595
0.0107865 -0.0599345 -2.91155
0.035811 -0.028527 -2.87784
0.213445 -0.0566985 2.46666
0.218311 -0.0546639 2.44787
0.224167 -0.0610017 2.4286
0.232415 -0.0716724 2.41232
0.236983 -0.0753693 2.40069
0.233881 -0.0829425 2.40727
0.225873 -0.101165 2.40202
0.204631 -0.151922 2.39228
0.195499 -0.165052 2.38454
0.1648 -0.220534 2.35859
0.145453 -0.236196 2.36264
0.139303 -0.240077 2.34535
0.131625 -0.248545 2.32023
0.125954 -0.247944 2.29059
0.108351 -0.228822 2.24932
0.0991624 -0.214046 2.2123
0.0975243 -0.194638 2.10198
0.100972 -0.202956 2.05731
0.111402 -0.196621 1.99975
0.125862 -0.179909 1.94267
0.143239 -0.161113 1.87841
0.160992 -0.164956 1.80151
0.166181 -0.177033 1.78153
0.161528 -0.189098 1.74011
0.15628 -0.189688 1.72088
0.154825 -0.186817 1.7096
0.185397 -0.104407 1.66733
0.0899561 -0.114116 1.77301
0.104548 -0.0737668 1.6257
0.11855 -0.0737752 1.57435
0.126691 -0.0892439 1.53224
0.131613 -0.117041 1.51662
0.137358 -0.181464 1.55983
0.130948 -0.199797 1.59135
0.121119 -0.196486 1.62965
0.100784 -0.171384 1.72709
0.0936249 -0.166806 1.76302
0.093507 -0.170267 1.78563
0.108628 -0.180757 1.84593
0.118432 -0.173298 1.86486
0.129601 -0.163635 1.88045
0.14902 -0.153682 1.87447
0.157627 -0.159714 1.89152
0.156429 -0.184907 1.93875
0.153213 -0.192482 1.96213
0.126904 -0.198258 2.06368
0.105231 -0.20282 2.14405
0.0830383 -0.201483 2.21837
0.0413115 -0.207373 2.32876
0.0262335 -0.202381 2.3855
0.0175492 -0.205954 2.42707
0.00127619 -0.23126 2.49428
-0.0409376 -0.2989 2.62395
-0.015682 -0.232839 2.45245
0.0035733 -0.232575 2.43052
